barcodes:
50246681364287159340203681549767989300610632
57085242379665432246553372622122750976386149
75227509437517021414695656135321375752281097
49334341973148134874526058897756353886132812
67243144824791077451167599421252063405290198
52965781651037150479665432555484644679291240
74085245381859717089017041767886570933637605
60944740129948748540997125084260037219537745
26802504309114332686421464385988678291417859
33593570210912647512635898594301958205493026
71945177771139632715995989657281840102697487
94567363388318675224289973183311575931800728
27106680331821954829598798628119850242603222
04517106903322854937255904843492130501211029
22452145895997140747649274175955644140488633
29468212953234836087014348568733662746551673
16245336497951585265225262278537351360212398
25657084361956522197177800023108910799172378
06634674084143527674055726180354756502200173
23408836415868397362038750271780943721562587
95572556016683259165288338656900070326216063
86551745736676196831961141956643616422805093
43835783668851847304852900286124134252830231
46547085664830918607569787502149024896083340
60871287730717264242335772847685958298311562
95013205589618849903594601119713032336312530
76434634510806063631818663141825808727915228
64602803683512019436159419463556228173285965
02680944792543818357883711415524269646988059
31258412119923007855955844258129969482114093
47354739956713237994483622579657405245583951
32174082860757831393046159553992356301040996
33389381150746602235032484527082823649111975
69501551210999946622844808646882637549187223
22692315889832572732570848665534474282690401
99793457559199252474727479060939098409120348
12026410586962558915408368570273330558780687
30885548928601487118629259587426336812930583
36610198514686508725597463371900539233592394
49017257526183099719449286553468181133119876
33443579325694978430512335163631516680294234
08972744284397834094008648357833726406793038
01294491202839097440642660659302170384152366
34274010538965536567499887061632244274960310
13122052966900011561913176088734282020258959
75742494765029842407143564511822558423205345
61943925320649771448515850490565991829213239
99973039380619547462247827323393791696269091
00792362833471236814919922253030524797981470
50636772685609681127405538536068517331871442
94522949522358388105659621686327162481927041
71008594011546477840719285749686449363742372
84183908957500704723286879846978391135337099
50062733896238878648793839353775882158863432
47399713228770740287174126844053335349422024
23660449021974203046819194477047846621722858
61167247363936647385515103050070703640366977
18854686023004025634162767741962399422000273
89885943774372224662245378207641077612529294
60558421241284522065967521763583481529588115
44124276870833103011456666757709419794479004
75023631625560476350110621280636567104922361
28070707167941681481969963769292969290201116
38074729861547151799104534955559857068160841
74929678748415327324918975581585118985455297
37609551255841223839704202801972333742042754
94802329201843648474967540762335819477703540
24705678151757454417191866537282594771654027
56509416180221900042900305002031791610529371
85391852074618660122906367160824199646642173
89118554943238882030393292350743143205003314
62088698936021923690441150624613485174657715
10756449577352528629830746603537657962006851
63633603299999402454222119426222600129107525
42640168121434231386440154892680791710009625
31346862835077471610472217344072914435706561
55983120595487790509451545244352445469143708
21208316766986145121532044757173839204154240
24114608054492626756821797128184447915659690
10816873526960464331115293189941878382342417
48824332860284845506376484931872092430531356
96303819530203976031507813073018416303485956
91505952204397351886381965910281747795634960
80470490425855786523843441192688312969788672
29057477703337527283884914785342405332069964


code(4)
7496
2051
4276
0139
6309
8484
4186
1999
5658
8388
6073
7946
4948
2759
3065
1262
1068
7850
1743
6073
1440
0965
9718
5118
3266
1526
1001
9527
2442
1874
0563
1941
0299
4837
3380
1799
3196
3600
4804
4859
7700
5453
7952
8097
1418
9753
4037
6679
5033
7966
3098
0532
3122
1367
8555
4749
9922
3458
6653
5762
9673
0294
5022
8050
6273
1359
8099
5941
0854
3311


